0;42;28;
0;95;24.2;
0;243;14.8;
1;8;33.1;
1;32;22.9;
1;40;28;
1;49;27.6;
1;54;25.4;
1;55;24.7;
1;76;17.2;
1;82;13;
1;87;21.6;
1;90;9.14;
1;105;19.7;
1;108;13.3;
1;113;46.2;
1;157;26.5;
1;176;36.8;
1;185;20.7;
1;190;33.5;
1;201;43;
2;16;4.14;
2;71;21.1;
3;56;17.3;
3;73;37.9;
3;203;21.1;
4;95;21;
4;118;13.9;
4;124;32.7;
4;212;26.1;
5;27;23.7;
5;37;18;
5;70;41.3;
5;127;34.1;
5;135;25.4;
5;137;23.8;
5;158;24.4;
5;172;30.7;
5;200;20.3;
5;210;30.1;
5;237;26.7;
6;28;36.6;
6;56;37.5;
6;67;36.7;
6;73;26.5;
6;81;27.8;
6;140;7.05;
6;194;17.2;
6;197;25.6;
6;237;39;
7;34;15.3;
7;138;9.02;
8;1;33.1;
8;19;18.8;
8;27;30.9;
8;54;11.8;
8;70;24;
8;87;28.2;
8;90;31.7;
8;93;34.3;
8;108;20.9;
8;113;18.9;
8;116;28.1;
8;175;24.9;
8;185;28.1;
8;206;18.9;
8;211;34.8;
8;239;35.6;
9;12;21.2;
9;19;36.2;
9;67;9.71;
9;73;32.8;
9;93;19.4;
9;116;22.3;
9;168;37.8;
9;186;35.8;
9;197;23.4;
9;224;21.5;
9;236;7.39;
9;239;31;
9;241;11.2;
10;18;15.5;
10;32;30;
10;40;22.1;
10;87;38.3;
10;88;14.1;
10;90;42;
10;106;25.3;
10;148;7.65;
10;162;13.7;
10;190;18.5;
10;205;29.3;
10;222;29.3;
10;226;23.8;
10;235;15.9;
11;1;31.4;
11;10;40;
11;32;34.6;
11;40;23.3;
11;55;8.15;
11;66;23;
11;76;14.2;
11;88;26.8;
11;90;32;
11;105;11.8;
11;106;18.1;
11;148;40.3;
11;162;26.3;
11;167;23.9;
11;176;11.6;
11;201;11.7;
11;238;27.4;
12;9;21.2;
12;46;25.5;
12;52;28.2;
12;67;30.2;
12;116;28.4;
12;122;22.2;
12;163;35.2;
12;182;7.15;
12;186;15.7;
12;206;29.8;
12;236;26.3;
12;239;16.2;
12;241;23.3;
12;246;22.8;
13;6;16.4;
13;56;21;
13;73;16.4;
13;81;14.3;
13;140;13.3;
13;179;40.6;
13;197;21.9;
13;224;28;
14;52;33.1;
14;179;24.1;
15;6;19.7;
15;28;26.3;
15;104;20.2;
15;140;25.5;
15;158;22.2;
15;168;14.7;
15;172;26.5;
15;194;10.1;
15;200;39.8;
15;233;35.7;
15;236;38.2;
15;237;21.8;
16;71;21.6;
16;222;45.7;
17;42;19.2;
17;118;14.2;
17;124;23.9;
17;153;21.7;
17;212;18.3;
18;10;15.5;
18;20;15.2;
18;32;24.7;
18;40;25.6;
18;54;45;
18;55;42.2;
18;71;40.3;
18;87;30.4;
18;90;38.5;
18;106;30.5;
18;148;9.27;
18;162;24.3;
18;185;31;
18;190;14.3;
18;196;24.9;
18;205;16;
18;211;41.6;
18;226;18.5;
18;235;24.9;
19;8;18.8;
19;27;19.7;
19;29;42;
19;54;30.6;
19;70;28;
19;93;17.6;
19;108;38.8;
19;113;27.5;
19;116;14.7;
19;175;24.8;
19;206;19.3;
19;210;25.5;
19;211;45.2;
19;239;34.9;
19;241;25;
20;8;41;
20;10;27.2;
20;18;15.2;
20;32;14;
20;40;23.7;
20;54;29.8;
20;63;25.9;
20;70;43;
20;82;23.2;
20;87;16.3;
20;88;25.9;
20;90;27;
20;106;28.6;
20;108;30.4;
20;113;37.3;
20;148;19.6;
20;185;17;
20;190;12;
20;196;35.1;
20;205;23.6;
20;211;31.1;
20;226;32.4;
21;6;34.2;
21;12;37.8;
21;56;28;
21;73;8.94;
21;81;13.1;
21;197;10.9;
21;224;7.56;
21;236;23;
22;8;38.5;
22;20;36.6;
22;29;16.6;
22;33;18.8;
22;54;36.4;
22;62;21.8;
22;63;12.1;
22;70;19;
22;85;14.8;
22;87;40;
22;113;20.2;
22;119;51.8;
22;175;23.8;
22;181;28.1;
22;211;5.83;
23;1;10.6;
23;8;24.8;
23;19;39.7;
23;20;40;
23;32;28.7;
23;49;21.9;
23;54;20.2;
23;55;35.2;
23;76;27.7;
23;82;18.2;
23;87;23.9;
23;90;15.6;
23;105;30.2;
23;106;37;
23;108;10.2;
23;116;41.2;
23;122;26.5;
23;157;27.8;
23;185;23.1;
23;206;25.4;
23;239;30.9;
23;246;24.2;
24;34;17.1;
24;46;30.7;
24;52;42.2;
24;118;21.6;
24;138;18.2;
24;212;28.2;
25;77;11.1;
25;86;21;
25;127;26.4;
25;189;16.3;
25;218;12.7;
26;86;15.3;
26;98;19.1;
26;102;19.8;
26;127;35;
26;143;10.7;
26;164;35.6;
26;187;16.5;
26;189;27.1;
26;218;14.4;
27;5;23.7;
27;8;30.9;
27;19;19.7;
27;29;27.6;
27;37;9.59;
27;54;40.4;
27;70;21.2;
27;85;37.4;
27;113;25.6;
27;116;32.4;
27;137;7.03;
27;175;15.5;
27;237;33.3;
27;241;40.2;
28;9;24.1;
28;19;30.5;
28;27;34.6;
28;67;14.5;
28;93;17.3;
28;104;31.3;
28;116;25.4;
28;158;25;
28;168;15.6;
28;172;38.6;
28;194;20.2;
28;210;8.73;
28;236;24.6;
28;237;15.3;
28;241;21.2;
29;5;38.3;
29;8;40.9;
29;22;16.6;
29;27;27.6;
29;37;23.2;
29;63;28.7;
29;70;16.9;
29;85;9.73;
29;113;22.8;
29;137;20.9;
29;175;17.5;
29;181;21;
29;211;21.1;
29;249;27.3;
30;16;16.2;
30;64;33.3;
30;170;23.9;
31;33;38.7;
31;44;32.4;
31;62;21.6;
31;85;29.7;
31;98;37.1;
31;119;10.1;
31;181;16.8;
31;193;25.2;
31;249;12.3;
32;1;22.9;
32;8;37.3;
32;18;24.7;
32;20;14;
32;40;14.8;
32;54;25.5;
32;55;26.7;
32;76;25;
32;82;10.6;
32;87;9.24;
32;88;21.6;
32;90;13.9;
32;105;25.7;
32;106;18.5;
32;108;20.7;
32;113;40.5;
32;148;23.6;
32;162;25.3;
32;185;9.17;
32;190;11.7;
33;22;18.8;
33;29;32.4;
33;44;20.8;
33;45;17.8;
33;61;28.7;
33;62;18;
33;63;15;
33;85;25.2;
33;107;26.8;
33;113;37.9;
33;166;26.5;
33;181;32.1;
33;196;32.3;
33;205;27.9;
33;211;20.1;
33;249;27.8;
34;46;21.1;
34;52;25.1;
34;122;48;
34;138;16.6;
34;163;35.3;
35;42;17.5;
35;51;35.4;
35;95;23;
35;118;30.5;
35;124;16.4;
35;139;25.4;
35;153;6.49;
35;165;33.2;
35;202;21.9;
35;212;20.7;
36;52;23.7;
36;73;34.2;
36;81;33;
36;179;21.9;
36;203;30;
37;5;18;
37;19;29.3;
37;27;9.59;
37;29;23.2;
37;70;23.4;
37;137;6.08;
37;175;18;
37;181;39.3;
37;237;35.6;
38;34;21.6;
38;46;19.7;
38;124;28;
38;163;20.5;
38;165;14.4;
38;212;20;
39;6;16.1;
39;140;9.19;
39;194;32.9;
40;10;22.1;
40;18;25.6;
40;20;23.7;
40;32;14.8;
40;55;16.7;
40;76;19.6;
40;82;20.8;
40;87;23.9;
40;88;9.05;
40;90;21.8;
40;105;18.8;
40;106;5.12;
40;108;32.1;
40;148;19.1;
40;162;12.1;
40;176;34.7;
40;185;23.6;
40;190;12.7;
41;6;32.8;
41;9;31.4;
41;27;37.4;
41;28;8.68;
41;67;21.7;
41;93;25.8;
41;104;23;
41;116;33.9;
41;135;40.4;
41;168;6.93;
41;194;15.5;
41;210;12.2;
41;237;8.84;
41;241;29.7;
42;95;5.62;
42;153;14.7;
42;156;32.4;
42;243;21.7;
43;56;28.6;
43;179;10.2;
43;203;23.8;
44;33;20.8;
44;45;28.4;
44;61;14.6;
44;62;22.4;
44;107;7.62;
44;166;14.4;
44;193;13.1;
44;211;40.3;
44;249;27.5;
45;18;25.5;
45;22;32.2;
45;33;17.8;
45;44;28.4;
45;54;51.3;
45;61;26.7;
45;62;35.5;
45;63;21.8;
45;107;36;
45;113;46.7;
45;148;34.7;
45;166;23.8;
45;196;15.3;
45;205;10.6;
45;211;30.4;
45;226;23.5;
46;12;25.5;
46;34;21.1;
46;49;29.7;
46;122;27;
46;138;37.6;
46;163;17.9;
46;165;26.1;
46;182;18.8;
46;186;17.8;
46;239;28.9;
47;5;52.8;
47;104;31.7;
47;127;37.2;
47;135;28.2;
47;200;32.9;
47;233;8;
48;10;26.9;
48;18;20.3;
48;45;21.3;
48;61;36;
48;71;21.3;
48;148;25.9;
48;166;33.7;
48;169;23.6;
48;190;34.5;
48;196;8.57;
48;205;13.2;
48;211;49.5;
48;226;3.3;
48;235;22.4;
49;1;27.6;
49;8;38.9;
49;12;31.4;
49;46;29.7;
49;54;39.6;
49;90;36;
49;105;42.3;
49;108;32;
49;116;39.8;
49;122;9.69;
49;157;17.8;
49;163;19.3;
49;165;32.6;
49;186;17.2;
49;239;17.7;
49;241;43.9;
49;246;13.9;
50;16;5.03;
50;169;36.6;
50;170;36.9;
51;139;10;
51;153;32.2;
51;156;18.8;
51;167;18.1;
51;176;30.8;
51;202;13.8;
51;238;15.1;
52;34;25.1;
52;46;28;
52;73;38.7;
52;138;35.4;
52;182;23.7;
53;42;23.9;
53;95;22;
53;153;31.7;
53;243;5.02;
54;8;11.8;
54;19;30.6;
54;22;36.4;
54;32;25.5;
54;45;51.3;
54;49;39.6;
54;70;27.5;
54;82;20;
54;87;16.4;
54;90;21.6;
54;108;12.1;
54;113;20.9;
54;116;39.2;
54;122;40.6;
54;175;30.7;
54;185;16.3;
54;190;36;
54;206;27.2;
54;211;31.5;
54;239;41.5;
55;1;24.7;
55;32;26.7;
55;40;16.7;
55;66;30.1;
55;76;7.92;
55;88;22.3;
55;90;24.2;
55;105;5.47;
55;106;11.7;
55;108;34.9;
55;148;35.1;
55;157;37.3;
55;176;18.5;
55;185;32.7;
55;201;18.8;
55;238;34.4;
56;73;22.8;
56;81;16.6;
56;179;21;
56;197;32.6;
56;203;4.87;
56;224;34.7;
57;6;35.8;
57;56;13.4;
57;81;25.5;
57;203;18.1;
58;5;30.1;
58;98;29.9;
58;102;18.4;
58;127;27.7;
58;135;37.8;
58;143;22.2;
58;164;38.1;
58;181;35;
58;187;37.1;
58;200;35.5;
58;218;38;
59;8;22.2;
59;9;30.3;
59;19;19.3;
59;28;38.3;
59;49;27.7;
59;54;31.1;
59;70;42.8;
59;93;21;
59;108;32.9;
59;113;39.6;
59;116;12.9;
59;122;20.9;
59;186;27;
59;206;3.96;
59;236;37.7;
59;239;15.8;
59;241;21;
59;246;14.4;
60;8;31;
60;22;14.2;
60;29;28.5;
60;33;24.2;
60;54;25.3;
60;63;9.37;
60;70;21.4;
60;85;28.9;
60;87;25.9;
60;108;34.5;
60;113;17.7;
60;175;27.1;
60;185;26.8;
60;190;35.2;
60;205;33;
60;211;8.37;
61;33;28.7;
61;44;14.6;
61;64;22.2;
61;107;19.3;
61;166;2.84;
61;169;24.7;
61;193;23.5;
61;196;27.6;
61;205;34.1;
62;29;25;
62;31;21.6;
62;33;18;
62;44;22.4;
62;63;27.4;
62;85;15.2;
62;107;23.3;
62;119;31.1;
62;175;40.8;
62;181;15;
62;211;26.8;
62;249;9.94;
63;22;12.1;
63;29;28.7;
63;33;15;
63;45;21.8;
63;54;34.6;
63;70;27.1;
63;85;26;
63;108;43.2;
63;113;25.3;
63;166;39.6;
63;190;37.9;
63;205;27.7;
63;211;8.72;
64;44;35.6;
64;61;22.2;
64;71;35.1;
64;166;24.1;
64;169;20.6;
64;170;9.38;
64;196;37.1;
65;1;19;
65;49;20.3;
65;76;22.5;
65;82;31.7;
65;90;27.8;
65;105;24.5;
65;106;38.1;
65;108;30.7;
65;122;29.9;
65;157;8.29;
65;163;27.6;
65;165;33.5;
65;167;39.3;
65;176;31.1;
65;212;45.7;
65;239;37.7;
65;246;32.7;
66;55;30.1;
66;76;37.1;
66;162;34.6;
66;167;24.2;
66;176;23.1;
66;201;11.3;
66;238;28.6;
67;9;9.71;
67;12;30.2;
67;19;32.9;
67;28;14.5;
67;93;15.4;
67;116;21.5;
67;168;28.2;
67;194;25;
67;197;25.1;
67;210;21.5;
67;236;10.9;
67;237;29.6;
67;241;11.7;
68;5;25.3;
68;8;33;
68;9;39.8;
68;19;16.1;
68;27;11.2;
68;28;23.5;
68;37;18.7;
68;54;44.1;
68;67;32.9;
68;70;30.8;
68;93;21.3;
68;104;39.7;
68;113;33.7;
68;116;24.5;
68;137;18.1;
68;158;31.3;
68;168;30.9;
68;175;25.4;
68;206;34.8;
68;210;15.3;
68;237;24.6;
69;31;12.6;
69;62;31;
69;107;26.8;
69;119;5.95;
69;129;23.4;
69;164;23.2;
69;181;29.3;
69;193;22.3;
69;249;23.4;
70;5;41.3;
70;8;24;
70;19;28;
70;22;19;
70;27;21.2;
70;29;16.9;
70;33;37.7;
70;37;23.4;
70;54;27.5;
70;63;27.1;
70;85;24.4;
70;90;48.2;
70;108;39.7;
70;113;6.84;
70;116;42.6;
70;137;17.7;
70;175;5.76;
70;181;37.6;
70;211;18.7;
71;16;21.6;
71;18;40.3;
71;169;16.2;
71;170;29;
71;196;23.6;
71;226;22;
72;31;29.2;
72;33;35.1;
72;44;15.1;
72;61;22.4;
72;85;45.4;
72;107;8.25;
72;119;29.9;
72;166;24.1;
72;193;4.83;
72;196;48.9;
72;249;30.4;
73;6;26.5;
73;56;22.8;
73;81;6.26;
73;140;27.2;
73;197;9.82;
73;203;22.7;
73;224;12.8;
73;236;25.8;
73;241;43.7;
74;5;32.9;
74;19;46.1;
74;22;25.4;
74;27;28.8;
74;29;9.46;
74;31;34.2;
74;37;21.5;
74;62;27.3;
74;70;24.7;
74;85;13.7;
74;113;31.2;
74;137;21.8;
74;175;23.5;
74;181;17.8;
74;211;30.3;
74;249;26.2;
75;31;26.8;
75;98;15;
75;119;20.4;
75;129;3.32;
75;143;28.1;
75;164;2.4;
75;187;20.2;
75;249;38;
76;1;17.2;
76;32;25;
76;40;19.6;
76;54;40.1;
76;55;7.92;
76;82;21.3;
76;87;29.8;
76;88;27.2;
76;90;18.7;
76;105;2.5;
76;106;15.9;
76;108;28.7;
76;157;30.5;
76;167;34;
76;176;21.3;
76;185;29;
76;190;30.6;
76;201;25.7;
76;238;36.3;
77;127;26.2;
77;172;51.1;
77;189;18.9;
77;218;23.7;
78;51;21.4;
78;55;30.4;
78;66;17.8;
78;76;34.5;
78;105;32.7;
78;139;29;
78;167;6.56;
78;176;13.5;
78;201;17.2;
78;238;10.8;
79;6;12.1;
79;9;33.4;
79;73;14.7;
79;81;17.5;
79;140;14.9;
79;194;21.1;
79;197;13.9;
79;224;21.4;
79;236;26.1;
80;1;5.9;
80;8;30.7;
80;40;33.9;
80;49;22.1;
80;54;24.9;
80;55;29.9;
80;76;22.2;
80;82;17.3;
80;87;24.9;
80;90;13.9;
80;105;24.7;
80;106;33;
80;108;13.4;
80;122;28.6;
80;185;24.1;
80;190;38.8;
81;6;27.8;
81;56;16.6;
81;73;6.26;
81;197;16;
81;203;16.7;
81;224;18.7;
82;1;13;
82;8;30.9;
82;20;23.2;
82;32;10.6;
82;40;20.8;
82;54;20;
82;55;25.9;
82;70;45.7;
82;76;21.3;
82;87;9.23;
82;90;3.91;
82;105;22.9;
82;106;22.3;
82;108;11.3;
82;113;38.9;
82;148;33.8;
82;185;8.35;
82;190;22.1;
82;206;40.3;
83;16;29.2;
83;71;30.3;
83;222;17.1;
83;235;23.3;
84;56;36.9;
84;140;24.1;
85;22;14.8;
85;29;9.73;
85;31;29.7;
85;33;25.2;
85;44;37.1;
85;62;15.2;
85;70;24.4;
85;107;38.6;
85;113;29.1;
85;119;39.8;
85;137;30.6;
85;175;26.4;
85;181;14;
85;211;20.6;
85;249;18.4;
86;102;29.8;
86;143;25.9;
86;218;11;
87;1;21.6;
87;8;28.2;
87;20;16.3;
87;32;9.24;
87;40;23.9;
87;54;16.4;
87;55;33.3;
87;70;38.6;
87;76;29.8;
87;82;9.23;
87;90;13;
87;106;27;
87;108;14.2;
87;113;31.9;
87;185;0.896;
87;190;19.8;
88;10;14.1;
88;18;22.2;
88;20;25.9;
88;32;21.6;
88;40;9.05;
88;55;22.3;
88;76;27.2;
88;82;29.3;
88;90;30.7;
88;105;25.8;
88;106;11.4;
88;148;13.6;
88;162;3.74;
88;190;13.9;
88;201;29.9;
88;226;36.5;
88;235;29.5;
89;22;25.9;
89;27;42.3;
89;29;17.2;
89;31;20.9;
89;33;32.3;
89;37;35.3;
89;62;16.4;
89;63;36.4;
89;70;33.9;
89;85;11.2;
89;98;44.8;
89;119;30.5;
89;129;41.9;
89;181;4.11;
89;211;31.7;
89;249;12.6;
90;1;9.14;
90;8;31.7;
90;20;27;
90;32;13.9;
90;40;21.8;
90;54;21.6;
90;76;18.7;
90;82;3.91;
90;87;13;
90;105;20.5;
90;106;22.4;
90;108;11;
90;148;36.5;
90;162;33.9;
90;176;39.9;
90;185;12.1;
90;190;25;
91;86;30.1;
91;98;9.66;
91;102;20.3;
91;119;39;
91;127;37.1;
91;129;26.6;
91;143;5.22;
91;164;24.2;
91;187;15.4;
92;77;11.2;
92;86;20.8;
92;102;25.6;
92;127;26.5;
92;143;33.5;
92;189;16.4;
92;218;12.6;
93;8;34.3;
93;9;19.4;
93;19;17.6;
93;27;31.1;
93;28;17.3;
93;67;15.4;
93;113;45;
93;116;8.13;
93;206;24;
93;210;17.5;
93;236;24.8;
93;239;31.6;
93;241;9.19;
94;51;19;
94;66;20.9;
94;139;29;
94;167;17.2;
94;176;27;
94;201;26.7;
94;202;32.9;
94;238;19.1;
95;42;5.62;
95;124;38.2;
95;153;20.3;
95;202;36.1;
95;243;21;
96;203;33.3;
97;16;9.62;
97;71;13.3;
97;169;23.2;
97;170;27.5;
98;31;37.1;
98;119;33.5;
98;129;18.2;
98;143;13.6;
98;164;16.5;
98;187;9.25;
99;8;37.4;
99;20;34.2;
99;22;2.45;
99;29;18.7;
99;33;18.5;
99;45;30.8;
99;54;34.7;
99;62;23.5;
99;63;10;
99;70;19.3;
99;85;17.2;
99;87;37.7;
99;113;19.6;
99;181;30.4;
99;196;46;
99;211;3.51;
100;5;37.4;
100;9;24.3;
100;19;29.8;
100;27;33.9;
100;28;0.742;
100;67;14.7;
100;93;16.8;
100;116;24.9;
100;158;25.1;
100;168;15.9;
100;194;20.9;
100;210;8.1;
100;224;38.7;
100;236;24.9;
100;237;15.3;
100;241;20.9;
101;47;13.8;
101;104;20.5;
101;135;14.9;
101;158;27.4;
101;172;13.2;
101;200;19.3;
101;233;8.35;
101;237;37.2;
102;5;40;
102;77;31.9;
102;86;29.8;
102;127;16.9;
102;143;16.4;
102;189;13.9;
102;218;20.7;
103;16;20.6;
103;71;21.5;
103;235;24.1;
104;5;30.2;
104;27;46.1;
104;28;31.3;
104;127;40.1;
104;135;20.4;
104;158;8.37;
104;168;16.3;
104;172;7.6;
104;194;27.4;
104;200;19.6;
104;233;23.7;
104;237;17.2;
105;1;19.7;
105;40;18.8;
105;55;5.47;
105;66;34.7;
105;76;2.5;
105;87;31.1;
105;90;20.5;
105;106;14.6;
105;108;30.8;
105;162;27.1;
105;176;19.7;
105;185;30.4;
105;190;30.3;
105;201;23.3;
105;238;35.1;
106;18;30.5;
106;20;28.6;
106;32;18.5;
106;40;5.12;
106;55;11.7;
106;66;35;
106;76;15.9;
106;82;22.3;
106;87;27;
106;88;11.4;
106;90;22.4;
106;105;14.6;
106;108;33.3;
106;148;23.5;
106;162;13.2;
106;176;29.6;
106;185;26.6;
106;190;17.8;
106;201;25.1;
107;29;48.3;
107;31;27.6;
107;33;26.8;
107;44;7.62;
107;61;19.3;
107;62;23.3;
107;119;31.1;
107;166;20;
107;193;5.47;
107;249;25.5;
108;1;13.3;
108;8;20.9;
108;19;38.8;
108;32;20.7;
108;54;12.1;
108;76;28.7;
108;82;11.3;
108;87;14.2;
108;90;11;
108;105;30.8;
108;113;33;
108;116;43.8;
108;185;13.5;
108;190;32.4;
108;206;29;
109;29;35.3;
109;31;2.97;
109;44;30.6;
109;62;18.7;
109;85;27;
109;107;26.3;
109;119;12.9;
109;129;29.3;
109;164;27.2;
109;181;14.6;
109;193;24.4;
109;249;9.35;
110;33;39.9;
110;44;20.6;
110;61;13.8;
110;64;18.8;
110;107;20;
110;166;16.6;
110;170;28;
110;193;21.1;
111;16;6.97;
112;52;37.5;
112;56;35.2;
112;179;15.6;
113;8;18.9;
113;19;27.5;
113;22;20.2;
113;27;25.6;
113;29;22.8;
113;33;37.9;
113;37;29.3;
113;54;20.9;
113;63;25.3;
113;70;6.84;
113;87;31.9;
113;116;41.4;
113;137;23.4;
113;175;11.4;
113;185;32.4;
113;206;36.9;
113;211;17.8;
114;56;25.2;
114;179;23.7;
114;203;25.3;
115;5;44.9;
115;6;41.4;
115;8;43.4;
115;9;15.6;
115;19;26;
115;27;36.1;
115;28;10.4;
115;67;7.79;
115;81;48.6;
115;93;9.12;
115;116;16.7;
115;168;25.9;
115;194;27.2;
115;206;32.5;
115;210;15;
115;236;18.6;
115;237;25.4;
115;241;10.8;
116;8;28.1;
116;9;22.3;
116;19;14.7;
116;27;32.4;
116;28;25.4;
116;67;21.5;
116;93;8.13;
116;108;43.8;
116;113;41.4;
116;122;31.8;
116;137;38.9;
116;206;15.9;
116;210;24.9;
116;236;29;
116;239;24.8;
116;241;11.2;
116;246;26;
117;1;23.1;
117;40;23;
117;55;6.94;
117;66;31.7;
117;76;6.53;
117;82;27.8;
117;87;36.2;
117;90;25.2;
117;105;5.15;
117;106;18.4;
117;108;35;
117;139;48.4;
117;162;29.9;
117;167;27.5;
117;176;14.7;
117;190;35;
117;201;20.5;
117;238;30;
118;34;38.5;
118;42;32.8;
118;138;36.8;
118;165;33;
118;212;20.3;
119;31;10.1;
119;107;31.1;
119;129;19;
119;164;18.2;
119;181;26.5;
119;249;22.2;
120;56;18.1;
120;81;33.3;
120;179;13.6;
120;203;16.6;
121;51;21.3;
121;124;18.8;
121;139;13.2;
121;153;18.4;
121;156;26.9;
121;165;34.4;
121;176;35;
121;202;12.3;
121;238;22.8;
122;8;37;
122;9;39;
122;12;22.2;
122;19;40.1;
122;46;27;
122;49;9.69;
122;90;41.9;
122;93;39;
122;108;35.6;
122;116;31.8;
122;157;27.3;
122;163;23;
122;165;37.6;
122;182;22.9;
122;186;10.3;
122;206;21.1;
122;239;8.1;
122;246;6.65;
123;42;28.1;
123;51;26.8;
123;118;39.4;
123;124;14.2;
123;139;17.6;
123;153;13.7;
123;165;31.2;
123;176;40.9;
123;202;15.4;
123;212;23.9;
123;238;29.3;
124;42;33.1;
124;118;30.4;
124;153;22.3;
124;156;42.8;
124;165;17.5;
124;176;46.7;
124;202;29.6;
124;212;11.2;
125;22;7.18;
125;29;21.4;
125;33;11.8;
125;44;30.5;
125;45;26.8;
125;62;17.2;
125;63;10.8;
125;70;26.2;
125;85;16.2;
125;87;42.9;
125;108;51.6;
125;113;27.1;
125;175;30.9;
125;181;27.1;
125;205;35.2;
125;211;10.3;
125;249;26.3;
126;6;21.9;
126;56;20.7;
126;81;22.3;
126;140;15.7;
126;197;32.6;
126;203;25.2;
127;77;26.2;
127;102;16.9;
127;135;19.7;
127;143;33.3;
127;189;10.6;
127;200;21.6;
127;218;29.6;
128;5;26.6;
128;19;26.6;
128;27;24.6;
128;28;11.6;
128;67;25;
128;93;20.7;
128;116;27.6;
128;137;30.8;
128;158;20.1;
128;168;16.7;
128;194;28.3;
128;200;35.9;
128;210;3.56;
128;237;11.2;
128;241;28;
129;31;26.4;
129;98;18.2;
129;119;19;
129;164;3.71;
129;181;38.8;
129;187;22.6;
130;5;19.9;
130;8;36.5;
130;19;27.3;
130;27;7.67;
130;28;40;
130;29;22.8;
130;37;2.33;
130;70;21.5;
130;113;27.3;
130;116;40;
130;137;3.9;
130;158;38.8;
130;168;43.2;
130;175;16;
130;210;31.3;
130;211;38.2;
131;5;26.6;
131;47;26.6;
131;77;41;
131;104;18.9;
131;127;21.3;
131;135;2.11;
131;158;22;
131;172;12.5;
131;200;6.32;
131;233;21.3;
132;16;11.3;
132;71;32.8;
133;1;20.9;
133;8;40.5;
133;20;18.5;
133;32;5.36;
133;40;10.6;
133;54;28.9;
133;55;21.3;
133;76;20.1;
133;82;10.8;
133;87;13.5;
133;88;18.6;
133;90;12.8;
133;105;20.6;
133;106;13.5;
133;108;22;
133;148;23.7;
133;162;22.1;
133;185;13.1;
133;190;12.6;
133;205;40.4;
134;1;22;
134;40;21.2;
134;55;5.64;
134;66;32.4;
134;76;5.01;
134;82;26.1;
134;88;27.6;
134;90;23.6;
134;105;3.3;
134;106;16.7;
134;108;33.7;
134;157;31.7;
134;162;28.5;
134;176;16.4;
134;190;33.2;
134;201;21.1;
134;238;31.8;
135;5;25.4;
135;47;28.2;
135;102;34.8;
135;104;20.4;
135;127;19.7;
135;158;22.9;
135;172;14.4;
135;189;29.9;
135;200;5.15;
135;233;23.2;
135;237;32.3;
136;9;11.4;
136;12;11.2;
136;19;34.2;
136;28;32.4;
136;46;36.6;
136;52;35.4;
136;67;19.5;
136;93;21.2;
136;116;19.5;
136;122;27.6;
136;182;18.2;
136;186;24.6;
136;197;32.8;
136;206;26.4;
136;210;36.8;
136;224;28.8;
136;236;18.1;
136;239;19.7;
136;241;12.3;
136;246;25.4;
137;5;23.8;
137;8;33.1;
137;19;25.4;
137;27;7.03;
137;28;41.3;
137;29;20.9;
137;37;6.08;
137;54;41.1;
137;62;45.8;
137;70;17.7;
137;85;30.6;
137;113;23.4;
137;116;38.9;
137;175;12.1;
137;211;34.8;
138;34;16.6;
138;52;35.4;
139;51;10;
139;153;22.3;
139;156;15.8;
139;167;24;
139;176;35.4;
139;202;4.03;
139;238;19.9;
140;6;7.05;
140;73;27.2;
140;81;26.9;
140;194;24.2;
140;197;28.8;
141;6;34.9;
141;9;26.6;
141;52;28.6;
141;67;31.5;
141;73;10.8;
141;81;15.5;
141;197;10.4;
141;203;28.9;
141;224;5.39;
141;236;20.8;
142;56;6.14;
142;73;16.9;
142;81;10.7;
142;140;29;
142;179;24.7;
142;197;26.6;
142;203;8.2;
142;224;29.2;
143;86;25.9;
143;98;13.6;
143;102;16.4;
143;119;44.3;
143;127;33.3;
143;164;29.1;
143;187;16.8;
143;189;28.4;
143;218;22.7;
144;52;23.1;
144;56;32.4;
144;179;21.6;
144;197;36;
144;203;27.8;
144;224;31;
145;86;27.5;
145;98;18.7;
145;164;27.6;
145;187;9.92;
146;118;14.5;
146;138;24.1;
146;165;29;
146;212;23.3;
147;34;28;
147;46;12.8;
147;122;27.4;
147;157;27;
147;163;7.45;
147;165;13.8;
147;186;22.1;
147;212;28;
147;239;32.5;
148;10;7.65;
148;18;9.27;
148;20;19.6;
148;40;19.1;
148;45;34.7;
148;76;38.8;
148;87;31.4;
148;88;13.6;
148;106;23.5;
148;162;15.3;
148;185;31.7;
148;190;11.8;
148;205;24.8;
148;226;23.3;
148;235;21.7;
149;31;10.5;
149;44;23.5;
149;62;20.5;
149;85;33.1;
149;107;17.7;
149;119;14;
149;164;31.9;
149;181;23.1;
149;193;14.8;
149;249;15;
150;86;29.6;
150;102;5.63;
150;127;12.6;
150;143;21.2;
150;187;36.8;
150;189;8.28;
150;200;32.9;
150;218;19.4;
151;40;42.5;
151;51;22.8;
151;66;22;
151;76;29.7;
151;105;28.1;
151;139;28.4;
151;167;4.67;
151;176;8.43;
151;201;17.8;
151;202;32.1;
151;238;8.54;
152;98;42.4;
152;102;13;
152;127;7.01;
152;135;26.6;
152;143;28.7;
152;189;3.86;
152;200;28.6;
152;218;22.6;
153;42;14.7;
153;51;32.2;
153;95;20.3;
153;124;22.3;
153;139;22.3;
153;156;25.2;
153;202;18.4;
153;212;27.2;
153;243;27.7;
154;31;22.9;
154;98;27.4;
154;119;13.3;
154;129;9.37;
154;164;11.3;
154;193;37.9;
155;51;17.1;
155;66;36.4;
155;124;30.6;
155;139;17.2;
155;156;32.7;
155;167;12.3;
155;176;19.6;
155;201;32.5;
155;202;20;
155;238;8.36;
156;51;18.8;
156;139;15.8;
156;202;14.7;
156;238;33.4;
156;243;24.2;
157;1;26.5;
157;49;17.8;
157;76;30.5;
157;87;48.1;
157;90;35.6;
157;105;32.3;
157;108;37.1;
157;124;32.5;
157;163;19.8;
157;165;25.3;
157;176;35.8;
157;186;32;
157;212;38.2;
157;239;35.3;
158;5;24.4;
158;27;38;
158;28;25;
158;93;40;
158;104;8.37;
158;116;47.5;
158;127;41.8;
158;135;22.9;
158;168;12.2;
158;172;14.3;
158;194;26.6;
158;200;20.2;
158;210;22.6;
158;233;31.7;
158;237;9.91;
159;10;13.5;
159;18;3;
159;20;15;
159;32;22.9;
159;40;22.7;
159;45;28.4;
159;76;41.9;
159;87;29.2;
159;88;19.2;
159;90;36.6;
159;106;27.6;
159;108;43;
159;148;6.61;
159;162;21.4;
159;185;29.7;
159;190;11.9;
159;196;27.7;
159;201;49.1;
159;205;19;
159;211;43.1;
159;226;20.7;
159;235;24.7;
160;66;11.2;
160;105;42.9;
160;167;22.3;
160;176;27.1;
160;201;20.5;
160;202;43.6;
160;238;25.8;
161;34;4.74;
161;52;23.1;
161;138;14.3;
161;186;41.4;
162;10;13.7;
162;18;24.3;
162;20;29.4;
162;32;25.3;
162;40;12.1;
162;55;22.9;
162;76;28.7;
162;87;34.5;
162;88;3.74;
162;90;33.9;
162;105;27.1;
162;106;13.2;
162;148;15.3;
162;185;34.4;
162;190;17.5;
162;201;28;
163;46;17.9;
163;49;19.3;
163;122;23;
163;124;30.9;
163;157;19.8;
163;165;14.7;
163;182;30.8;
163;186;20.5;
163;206;44;
163;212;30.3;
163;239;29.4;
164;31;24.4;
164;86;48.6;
164;98;16.5;
164;119;18.2;
164;129;3.71;
164;181;35.8;
164;187;22.3;
164;249;35.7;
165;1;51.7;
165;46;26.1;
165;124;17.5;
165;157;25.3;
165;163;14.7;
165;212;15.7;
166;33;26.5;
166;44;14.4;
166;61;2.84;
166;64;24.1;
166;107;20;
166;169;24.2;
166;193;24.7;
166;196;25.3;
166;205;31.3;
166;211;46.4;
167;51;18.1;
167;55;31.3;
167;66;24.2;
167;139;24;
167;157;41.8;
167;176;12.9;
167;201;21.7;
167;238;4.48;
168;5;33.4;
168;28;15.6;
168;93;32.5;
168;104;16.3;
168;116;40.6;
168;135;34.8;
168;158;12.2;
168;194;15.4;
168;200;32.3;
168;210;17.4;
168;237;7.29;
168;241;36.6;
169;61;24.7;
169;64;20.6;
169;71;16.2;
169;170;17.7;
169;196;19.7;
169;205;31.3;
170;44;43.3;
170;64;9.38;
170;71;29;
170;169;17.7;
171;44;16.6;
171;45;42.7;
171;61;18.8;
171;107;12.2;
171;119;36.5;
171;166;21;
171;193;11.2;
172;28;38.6;
172;104;7.6;
172;135;14.4;
172;158;14.3;
172;194;34.6;
172;200;15.3;
172;233;17.8;
172;237;24;
173;6;16.3;
173;28;35.2;
173;104;25.6;
173;140;20.1;
173;168;23.9;
173;194;16.5;
173;233;34.8;
173;237;30.9;
174;40;28.1;
174;51;38.3;
174;55;15.4;
174;66;15.2;
174;76;21.9;
174;82;41.3;
174;90;39.6;
174;105;19.6;
174;106;23.1;
174;167;20.7;
174;176;11.7;
174;185;47.8;
174;190;40.5;
174;201;4.1;
174;238;24.9;
175;5;35.9;
175;8;24.9;
175;19;24.8;
175;22;23.8;
175;27;15.5;
175;29;17.5;
175;37;18;
175;54;30.7;
175;70;5.76;
175;85;26.4;
175;93;41.1;
175;113;11.4;
175;116;39.5;
175;137;12.1;
175;181;38.5;
175;211;24.1;
176;40;34.7;
176;55;18.5;
176;66;23.1;
176;76;21.3;
176;105;19.7;
176;108;49.4;
176;167;12.9;
176;201;14.8;
176;238;15.9;
177;51;10;
177;66;32.2;
177;139;14.7;
177;153;35.4;
177;156;28;
177;167;9.3;
177;176;21.3;
177;201;31;
177;202;18.6;
177;238;5.37;
178;31;24.1;
178;44;22.7;
178;85;46.1;
178;107;15.1;
178;119;22.2;
178;166;33.3;
178;181;37.4;
178;193;9.66;
179;56;21;
179;203;16.7;
180;86;11.2;
180;98;29.4;
180;102;36.7;
180;143;27.6;
180;187;21.2;
180;218;21.3;
181;22;28.1;
181;29;21;
181;31;16.8;
181;62;15;
181;70;37.6;
181;85;14;
181;119;26.5;
181;164;35.8;
181;249;9.01;
182;9;27.4;
182;12;7.15;
182;28;50.4;
182;46;18.8;
182;52;23.7;
182;93;38.8;
182;116;35.3;
182;122;22.9;
182;186;13.8;
182;236;31.7;
182;239;19;
182;241;30.5;
183;46;35.5;
183;49;18.1;
183;76;32.6;
183;90;37.8;
183;108;39.1;
183;124;30.7;
183;157;2.24;
183;163;17.9;
183;165;23.1;
183;176;37;
184;9;29.4;
184;12;8.73;
184;46;16.8;
184;52;24.4;
184;116;36.4;
184;122;21.7;
184;163;28.6;
184;182;2.17;
184;186;12.2;
184;206;35;
184;239;18.6;
184;241;32;
184;246;24.8;
185;1;20.7;
185;8;28.1;
185;10;38.6;
185;18;31;
185;20;17;
185;29;52.6;
185;32;9.17;
185;40;23.6;
185;54;16.3;
185;76;29;
185;82;8.35;
185;87;0.896;
185;90;12.1;
185;105;30.4;
185;108;13.5;
185;113;32.4;
185;148;31.7;
185;162;34.4;
185;190;20;
186;12;15.7;
186;46;17.8;
186;49;17.2;
186;116;35.1;
186;122;10.3;
186;163;20.5;
186;165;34.7;
186;182;13.8;
186;206;28.4;
186;239;11.1;
186;241;34.6;
186;246;15.2;
187;98;9.25;
187;129;22.6;
187;164;22.3;
187;218;30.3;
188;34;24.9;
188;118;23.6;
188;138;14.9;
188;165;42.9;
189;77;18.9;
189;86;30.3;
189;98;42;
189;102;13.9;
189;127;10.6;
189;135;29.9;
189;143;28.4;
189;200;32.2;
189;218;19.3;
190;1;33.5;
190;10;18.5;
190;18;14.3;
190;20;12;
190;32;11.7;
190;40;12.7;
190;54;36;
190;76;30.6;
190;82;22.1;
190;87;19.8;
190;88;13.9;
190;90;25;
190;105;30.3;
190;106;17.8;
190;108;32.4;
190;148;11.8;
190;162;17.5;
190;185;20;
190;205;29;
190;226;32.6;
192;10;11.8;
192;18;8.1;
192;20;23.3;
192;32;31.5;
192;87;38;
192;88;23.3;
192;106;33.4;
192;148;9.98;
192;162;24.2;
192;185;38.5;
192;190;20.1;
192;196;22.9;
192;205;17.8;
192;211;48.7;
192;226;13.4;
192;235;17;
193;31;25.2;
193;33;31.6;
193;44;13.1;
193;45;41.4;
193;61;23.5;
193;62;25.5;
193;107;5.47;
193;119;27.1;
193;166;24.7;
193;181;34.6;
193;249;25.6;
194;6;17.2;
194;28;20.2;
194;67;25;
194;81;38.2;
194;104;27.4;
194;140;24.2;
194;158;26.6;
194;168;15.4;
194;172;34.6;
194;197;28.1;
194;210;27.1;
194;224;34.5;
194;237;22.2;
195;5;26.9;
195;19;38;
195;22;27.5;
195;27;20.1;
195;29;11.4;
195;37;13;
195;62;34.7;
195;70;20.2;
195;85;19.8;
195;113;27.1;
195;137;13.2;
195;175;17.3;
195;181;26.5;
195;211;31.2;
196;18;24.9;
196;33;32.3;
196;45;15.3;
196;61;27.6;
196;71;23.6;
196;88;45.9;
196;166;25.3;
196;169;19.7;
196;205;11.7;
196;226;11.8;
197;9;23.4;
197;12;38.1;
197;56;32.6;
197;67;25.1;
197;73;9.82;
197;81;16;
197;93;40.3;
197;140;28.8;
197;224;7.51;
197;236;16.2;
197;241;34;
198;10;27.3;
198;20;43.7;
198;32;36.3;
198;40;21.5;
198;55;19.6;
198;66;19.2;
198;76;27.5;
198;88;18.1;
198;105;25.1;
198;106;18.3;
198;148;30.5;
198;162;15.4;
198;167;35.5;
198;176;26.7;
198;201;13.9;
199;29;35.6;
199;31;5.55;
199;33;33.3;
199;44;27.2;
199;62;16.7;
199;85;26.9;
199;107;23;
199;119;14.3;
199;129;31.8;
199;164;29.9;
199;181;15.6;
199;193;21.3;
199;211;43.1;
199;249;8.53;
200;5;20.3;
200;104;19.6;
200;127;21.6;
200;135;5.15;
200;158;20.2;
200;172;15.3;
200;189;32.2;
200;233;27.3;
201;51;38.5;
201;55;18.8;
201;66;11.3;
201;76;25.7;
201;82;44.5;
201;88;29.9;
201;105;23.3;
201;106;25.1;
201;167;21.7;
201;176;14.8;
201;238;26.1;
202;42;31.1;
202;51;13.8;
202;124;29.6;
202;139;4.03;
202;153;18.4;
202;156;14.7;
202;167;27.8;
202;238;23.6;
202;243;33.1;
203;56;4.87;
203;73;22.7;
203;81;16.7;
203;179;16.7;
203;197;32.5;
203;224;33.4;
205;10;29.3;
205;18;16;
205;20;23.6;
205;33;27.9;
205;44;38.4;
205;45;10.6;
205;61;34.1;
205;63;27.7;
205;87;39.7;
205;148;24.8;
205;169;31.3;
205;185;40.5;
205;190;29;
205;196;11.7;
205;226;14.4;
206;8;18.9;
206;9;34.3;
206;12;29.8;
206;19;19.3;
206;27;38.7;
206;49;26.7;
206;54;27.2;
206;67;36.3;
206;70;40.6;
206;90;39.2;
206;93;24;
206;108;29;
206;116;15.9;
206;122;21.1;
206;137;43.6;
206;186;28.4;
206;239;17.4;
206;241;24.8;
206;246;14.5;
207;56;24.6;
207;179;20.8;
207;203;24.1;
208;104;19.1;
208;135;33.3;
208;172;19.8;
208;194;28.6;
208;200;35.1;
208;233;19.3;
208;237;32.5;
209;9;17.3;
209;12;19.5;
209;67;25.9;
209;81;31.2;
209;182;21.5;
209;186;34.6;
209;194;42.9;
209;197;20.2;
209;224;13.4;
209;236;16;
209;239;35.2;
209;241;27.4;
210;5;30.1;
210;9;30.5;
210;19;25.5;
210;27;26.2;
210;28;8.73;
210;29;53.6;
210;67;21.5;
210;93;17.5;
210;116;24.9;
210;137;32.7;
210;158;22.6;
210;168;17.4;
210;200;39.2;
210;206;39.7;
210;237;13.1;
210;241;24.6;
211;8;34.8;
211;22;5.83;
211;27;39.5;
211;29;21.1;
211;33;20.1;
211;54;31.5;
211;62;26.8;
211;63;8.72;
211;70;18.7;
211;85;20.6;
211;87;34.2;
211;90;46.7;
211;113;17.8;
211;175;24.1;
211;181;33.9;
211;185;35;
211;249;35.1;
212;34;40.1;
212;118;20.3;
212;124;11.2;
212;165;15.7;
213;77;25.2;
213;102;9.59;
213;127;8.1;
213;135;27.5;
213;143;25.7;
213;189;6.28;
213;200;28.9;
213;218;22.4;
214;10;33;
214;55;36.3;
214;66;19.5;
214;88;30.5;
214;148;39;
214;176;38.5;
214;201;23.8;
214;222;26.5;
215;56;18.4;
215;73;30.2;
215;81;25.7;
215;179;5.12;
215;197;39;
215;203;13.7;
216;34;6.54;
216;46;26.9;
216;52;30.2;
216;118;34.7;
216;138;10.8;
216;163;39.5;
216;212;39.4;
217;56;19;
217;81;28.3;
217;179;2.17;
217;203;14.6;
217;224;40.6;
218;77;23.7;
218;86;11;
218;102;20.7;
218;127;29.6;
218;143;22.7;
218;187;30.3;
218;189;19.3;
219;31;38.3;
219;77;50.6;
219;86;31.6;
219;98;7.35;
219;102;22.9;
219;129;24;
219;143;7.69;
219;164;21.5;
219;187;14.3;
219;189;35.7;
219;249;45.7;
220;42;23.9;
220;51;22.2;
220;124;23.6;
220;139;12.2;
220;153;10.1;
220;156;19.2;
220;165;41;
220;202;8.47;
220;238;29.9;
221;16;13.4;
221;64;31.7;
221;71;12.7;
221;169;19.5;
221;170;23.3;
221;196;34.3;
222;10;29.3;
222;18;43;
222;235;20.1;
223;51;26;
223;66;11.9;
223;167;16.7;
223;176;22.1;
223;201;18.1;
223;238;20.3;
224;6;33.1;
224;9;21.5;
224;28;38.2;
224;52;30.5;
224;73;12.8;
224;81;18.7;
224;116;43.8;
224;197;7.51;
224;203;33.4;
224;236;15.4;
224;239;47.2;
224;241;32.7;
225;40;45.4;
225;66;16;
225;201;25;
225;222;34.5;
226;18;18.5;
226;45;23.5;
226;71;22;
226;148;23.3;
226;196;11.8;
226;205;14.4;
226;235;19.3;
227;16;29.9;
227;61;34.7;
227;64;15.5;
227;71;27.2;
227;169;19.4;
227;170;6.21;
228;16;6.19;
229;42;4.09;
229;95;1.77;
229;139;38.4;
229;153;18.6;
229;202;34.4;
229;243;20.3;
230;51;49.9;
230;66;13.5;
230;162;32.6;
230;201;21.2;
230;238;42.1;
231;42;15;
231;95;9.53;
231;118;40.5;
232;77;25.2;
232;102;8.13;
232;127;10;
232;135;29.4;
232;143;24;
232;189;6.36;
232;200;30.8;
232;218;20.8;
233;47;8;
233;104;23.7;
233;135;23.2;
233;158;31.7;
233;172;17.8;
233;200;27.3;
234;56;12.7;
234;179;9.6;
234;203;9.67;
234;224;41.4;
235;10;15.9;
235;18;24.9;
235;88;29.5;
235;148;21.7;
235;190;33.6;
235;196;31;
235;205;31.6;
235;222;20.1;
235;226;19.3;
236;9;7.39;
236;12;26.3;
236;19;42.2;
236;28;24.6;
236;67;10.9;
236;73;25.8;
236;81;32.1;
236;93;24.8;
236;116;29;
236;194;28.2;
236;197;16.2;
236;210;32.3;
236;224;15.4;
236;239;37.9;
236;241;17.8;
237;5;26.7;
237;27;33.3;
237;28;15.3;
237;67;29.6;
237;93;30.2;
237;104;17.2;
237;116;37.8;
237;158;9.91;
237;168;7.29;
237;172;24;
237;175;48.8;
237;194;22.2;
237;200;28.9;
237;210;13.1;
237;233;40.9;
237;236;38.8;
237;241;35.9;
238;51;15.1;
238;55;34.4;
238;105;35.1;
238;139;19.9;
238;167;4.48;
238;176;15.9;
238;201;26.1;
238;202;23.6;
239;8;35.6;
239;9;31;
239;12;16.2;
239;19;34.9;
239;49;17.7;
239;54;41.5;
239;93;31.6;
239;116;24.8;
239;122;8.1;
239;182;19;
239;186;11.1;
239;206;17.4;
239;241;26.7;
239;246;6.66;
240;51;12.5;
240;95;40.1;
240;124;28;
240;139;3.96;
240;153;21.1;
240;156;19.3;
240;167;23.4;
240;202;5.23;
240;238;19.1;
241;9;11.2;
241;19;25;
241;27;40.2;
241;28;21.2;
241;54;50.1;
241;67;11.7;
241;93;9.19;
241;116;11.2;
241;168;36.6;
241;186;34.6;
241;194;36.3;
241;197;34;
241;206;24.8;
241;210;24.6;
241;224;32.7;
241;236;17.8;
242;46;25.1;
242;49;18;
242;108;46.4;
242;122;24.5;
242;124;28.2;
242;157;12.9;
242;163;7.21;
242;165;15;
242;186;24.9;
242;239;32;
242;246;30.6;
243;42;21.7;
243;95;21;
244;6;18.3;
244;47;40.7;
244;104;32;
244;140;18.9;
244;194;24.5;
245;1;15.3;
245;20;22.4;
245;32;8.38;
245;40;14.8;
245;54;25.9;
245;55;20.8;
245;76;17.5;
245;82;6.18;
245;87;12.6;
245;88;23.5;
245;90;7.29;
245;105;18.6;
245;106;16.2;
245;108;17.4;
245;122;49;
245;148;29.4;
245;162;26.8;
245;176;38.3;
245;185;11.9;
245;190;18.2;
246;8;30.9;
246;9;36.2;
246;12;22.8;
246;19;33.5;
246;49;13.9;
246;54;35.6;
246;82;42.2;
246;90;39.9;
246;108;32.3;
246;116;26;
246;122;6.65;
246;163;29.6;
246;182;25.4;
246;186;15.2;
246;206;14.5;
246;239;6.66;
246;241;30.3;
247;16;15;
247;71;16.3;
247;169;19.9;
247;170;20.3;
248;46;30.7;
248;49;15.1;
248;54;50.3;
248;105;38.6;
248;122;23.6;
248;124;31.3;
248;157;6.44;
248;163;13.4;
248;165;20.9;
248;186;26.8;
248;239;31.6;
249;22;29.5;
249;31;12.3;
249;33;27.8;
249;44;27.5;
249;62;9.94;
249;85;18.4;
249;107;25.5;
249;119;22.2;
249;181;9.01;
249;193;25.6;
249;211;35.1;
250;8;6.26;
250;19;14.2;
250;27;29.7;
250;54;17.5;
250;70;27.4;
250;87;33.7;
250;90;35.6;
250;108;24.6;
250;113;23.4;
250;116;21.9;
250;122;33.3;
250;137;33.2;
250;206;13.5;
250;239;30.8;
250;241;32.9;
250;246;26.8;
